31
44
51
97
98
100
138
173
194
220
223
224
225
226
275
278
377
378
381
385
388
389
401
422
423
491
492
494
495
499
505
506
560
564
576
585
712
718
723
774
782
783
785
786
788
789
979
980
981
982
983
986
987
988
996
998
1001
1002
1053
1056
1057
1069
1070
1071
1072
1084
1085
1086
1087
1206
1213
1219
1220
1221
1223
1224
1226
1227
1228
1229
1231
1232
1423
1451
1463
1475
1477
1481
1486
1489
1492
1501
1517
1529
1534
1572
1578
1581
1583
1586
1588
1589
1591
1594
1597
1598
1599
1602
1604
1605
1606
1608
1609
1610
1614
1920
1921
1922
1923
1925
1926
1928
1929
1930
1932
1936
1938
1942
1943
1944
1945
1946
1947
1948
1949
1950
1951
1952
1953
1954
1955
1957
1958
1960
1961
1962
1963
1964
1965
1991
1995
1997
2002
2004
2005
2007
2009
2011
2024
2035
2036
2049
2051
2068
2070
2072
2073
2074
2075
2079
2080
2081
2082
2085
2283
2286
2287
2288
2289
2290
2291
2292
2293
2313
2314
2315
2316
2321
2324
2327
2328
2329
2330
2331
2332
2333
2335
2336
2337
2338
2339
2340
2341
2342
2343
2541
2542
2546
2547
2549
2550
2553
2554
2556
2557
2558
2559
2561
2562
2563
2565
2566
2567
2568
2569
2570
2573
2574
2578
2579
2581
2582
2583
2584
2585
2587
2590
2591
2594
2596
2598
2602
2603
2606
2608
2609
2611
2613
2616
2618
2621
2622
2623
2633
2634
2635
2642
2643
2646
2648
2696
2699
2700
2709
2710
2712
2715
2716
2718
2720
2726
2728
2730
2731
2734
2755
2760
2761
2762
2763
2765
2769
2771
2773
2779
2780
2784
2785
2786
2787
2788
2789
2791
2793
2866
2867
2868
2869
2872
2873
2874
2875
2876
2878
2879
2880
2881
2882
2883
2884
2885
2886
2887
2888
2889
2890
2891
2893
2898
2904
2909
2910
2912
2914
2915
2916
2919
2920
2921
2922
2930
2956
2958
2959
3012
3020
3021
3022
3023
3024
3025
3026
3027
3028
3029
3030
3031
3032
3033
3057
3058
3059
3060
3061
3062
3063
3064
3065
3066
3067
3068
3069
3070
3071
3072
3073
3074
3077
3079
3080
3081
3082
3083
3084
3085
3086
3087
3088
3089
3090
3091
3093
3094
3095
3096
3097
3098
3099
3100
3101
3291
3293
3294
3296
3297
3298
3299
3300
3301
3302
3303
3304
3305
3306
3308
3309
3312
3313
3314
3315
3316
3317
3318
3320
3321
3322
3323
3324
3325
3327
3328
3329
3330
3331
3332
3333
3334
3335
3336
3337
3338
3339
3340
3341
3342
3343
3344
3345
3346
3348
3349
3351
3352
3354
3357
3358
3360
3361
3362
3364
3365
3369
3370
3371
3372
3373
3376
3378
3379
3381
3382
3383
3384
3385
3387
3388
3389
3392
3397
3398
3401
3403
3406
3409
3410
3412
3416
3424
3438
3446
3458
3462
3466
3467
3469
3475
3481
3486
3488
3492
3497
3499
3501
3515
3546
3552
3553
3555
3557
3560
3561
3562
3564
3565
3566
3567
3569
3571
3572
3576
3578
3579
3581
3586
3589
3591
3593
3594
3595
3596
3602
3603
3620
3621
3626
3634
3639
3708
3711
3712
3713
3714
3715
3716
3717
3718
3719
3722
3723
3724
3725
3726
3727
3728
3729
3730
3732
3733
3736
3737
3739
3740
3741
3742
3743
3744
3745
3746
3748
3749
3751
3752
3753
3754
3755
3756
3757
3758
3759
3760
3761
3762
3763
3764
3765
3766
3767
3769
3770
3771
3772
3773
3774
3775
3776
3777
3778
3779
3780
3781
3782
3783
3784
3785
3786
3787
3788
3789
3790
3791
3792
3793
3794
3795
3806
3809
3819
3820
3822
3825
3826
3829
3835
3848
3855
3875
3885
3887
3888
3889
3895
3899
3900
3906
3908
3909
3910
3911
3912
3913
3914
3915
3916
3917
3918
3919
3920
3922
3923
3924
3925
3926
3927
3928
3929
3930
3931
3932
3933
3934
3935
3937
3938
3939
3942
3943
3944
3946
3947
3948
3949
3950
3951
3952
3953
3954
3955
3956
3957
3958
3959
3960
3961
3962
3963
3966
3968
3969
3970
3972
3973
3975
3976
3977
3978
3979
3981
3982
3983
3984
3985
3986
3988
3989
3990
3991
3992
3994
3999
4001
4002
4003
4005
4006
4007
4008
4010
4013
4021
4027
4029
4030
4031
4034
4035
4038
4039
4040
4045
4046
4048
4049
4052
4053
4055
4056
4059
4060
4061
4062
4064
4066
4068
4070
4073
4074
4076
4077
4078
4083
4085
4089
4090
4091
4093
4095
4096
4097
4098
4099
4103
4105
4106
4108
4109
4110
4111
4112
4113
4114
4115
4117
4118
4120
4121
4123
4124
4125
4130
4131
4133
4134
4135
4136
4138
4139
4140
4141
4142
4143
4145
4146
4147
4150
4151
4152
4154
4157
4159
4160
4163
4165
4166
4170
4171
4172
4173
4175
4176
4177
4180
4182
4183
4184
4185
4186
4187
4188
4189
4190
4191
4194
4195
4200
4201
4204
4207
4210
4211
4212
4215
4216
4217
4218
4219
4220
4221
4222
4224
4225
4226
4227
4228
4230
4231
4232
4233
4235
4236
4237
4238
4239
4240
4241
4244
4245
4246
4247
4248
4249
4250
4251
4254
4255
4256
4257
4258
4259
4260
4261
4262
4263
4264
4265
4266
4268
4269
4270
4272
4273
4274
4275
4277
4278
4279
4281
4282
4283
4284
4285
4286
4292
4294
4297
4299
4301
4305
4306
4309
4312
4313
4315
4316
4318
4323
4328
4329
4330
4333
4335
4336
4340
4341
4344
4346
4349
4351
4352
4354
4355
4356
4357
4358
4360
4365
4366
4368
4372
4374
4376
4377
4378
4379
4380
4381
4382
4383
4384
4385
4386
4387
4388
4389
4390
4393
4394
4395
4396
4397
4399
4403
4405
4406
4407
4408
4409
4410
4411
4412
4413
4415
4418
4420
4421
4422
4423
4425
4426
4428
4449
4484
4485
4486
4488
4489
4491
4492
4493
4494
4495
4497
4498
4499
4500
4502
4503
4504
4507
4509
4511
4512
4514
4515
4516
4517
4518
4519
4520
4522
4523
4524
4525
4526
4527
4528
4531
4532
4556
4559
